start
one way
1279.594318,533.351446,0.0
1279.643947,532.853915,0.0
1279.693576,532.356384,0.0
1279.743206,531.858854,0.0
1279.792835,531.361323,0.0
1279.842465,530.863792,0.0
1279.892094,530.366261,0.0
1279.941723,529.86873,0.0
1279.991353,529.371199,0.0
1280.040982,528.873669,0.0
1280.090611,528.376138,0.0
1280.140241,527.878607,0.0
1280.18987,527.381076,0.0
1280.239499,526.883545,0.0
1280.289129,526.386015,0.0
1280.338758,525.888484,0.0
1280.388388,525.390953,0.0
1280.438017,524.893422,0.0
1280.487646,524.395891,0.0
1280.537276,523.89836,0.0
1280.586905,523.40083,0.0
1280.636534,522.903299,0.0
1280.686164,522.405768,0.0
1280.735793,521.908237,0.0
end
start
one way
858.024883,341.486526,0.0
857.537076,341.376778,0.0
857.04927,341.26703,0.0
856.561463,341.157283,0.0
856.073656,341.047535,0.0
855.585849,340.937787,0.0
855.098043,340.828039,0.0
854.610236,340.718291,0.0
854.122429,340.608543,0.0
853.634622,340.498795,0.0
853.146816,340.389048,0.0
852.659009,340.2793,0.0
852.171202,340.169552,0.0
851.683395,340.059804,0.0
851.195589,339.950056,0.0
850.707782,339.840308,0.0
850.219975,339.73056,0.0
849.732169,339.620812,0.0
849.244362,339.511065,0.0
848.756555,339.401317,0.0
848.268748,339.291569,0.0
847.780942,339.181821,0.0
847.293135,339.072073,0.0
846.805328,338.962325,0.0
846.317521,338.852577,0.0
845.829715,338.74283,0.0
845.341908,338.633082,0.0
844.854101,338.523334,0.0
844.366295,338.413586,0.0
843.878488,338.303838,0.0
843.390681,338.19409,0.0
842.902874,338.084342,0.0
842.415068,337.974595,0.0
841.927261,337.864847,0.0
841.439454,337.755099,0.0
end
start
one way
1280.785423,521.410706,0.0
1280.287951,521.360491,0.0
1279.790599,521.309099,0.0
1279.293372,521.256519,0.0
1278.796272,521.202741,0.0
1278.299304,521.147756,0.0
1277.802473,521.091554,0.0
1277.305783,521.034124,0.0
1276.809237,520.975457,0.0
1276.312839,520.915543,0.0
1275.816595,520.854372,0.0
1275.320509,520.791934,0.0
1274.824586,520.72822,0.0
1274.32883,520.663219,0.0
1273.833246,520.596921,0.0
1273.337838,520.529318,0.0
1272.842612,520.460398,0.0
1272.34757,520.390152,0.0
1271.852718,520.31857,0.0
1271.358065,520.245643,0.0
1270.863615,520.171359,0.0
1270.369371,520.095708,0.0
1269.87534,520.018679,0.0
1269.381528,519.940262,0.0
1268.88794,519.860444,0.0
1268.394582,519.779217,0.0
1267.90146,519.696568,0.0
1267.408581,519.612488,0.0
1266.915949,519.526965,0.0
1266.423572,519.439988,0.0
1265.931456,519.351548,0.0
1265.439608,519.261633,0.0
1264.948033,519.170233,0.0
1264.456739,519.077337,0.0
1263.965732,518.982934,0.0
1263.47502,518.887015,0.0
1262.984607,518.789568,0.0
1262.494503,518.690582,0.0
1262.004716,518.590047,0.0
1261.51525,518.487953,0.0
1261.026114,518.384286,0.0
1260.537317,518.279038,0.0
1260.048866,518.172197,0.0
1259.560768,518.063752,0.0
1259.073032,517.953693,0.0
1258.585665,517.842008,0.0
1258.098676,517.728686,0.0
1257.612073,517.613717,0.0
1257.125866,517.49709,0.0
1256.640062,517.378795,0.0
1256.154669,517.25882,0.0
1255.669698,517.137156,0.0
1255.185156,517.01379,0.0
1254.701054,516.888714,0.0
1254.217399,516.761915,0.0
1253.734202,516.633381,0.0
1253.251475,516.503095,0.0
1252.769229,516.371041,0.0
1252.287475,516.237202,0.0
1251.806222,516.101572,0.0
1251.325474,515.964163,0.0
1250.845233,515.824992,0.0
1250.365501,515.684073,0.0
1249.886282,515.541424,0.0
1249.407579,515.397059,0.0
1248.929389,515.250996,0.0
1248.451716,515.103254,0.0
1247.974558,514.953855,0.0
1247.497915,514.802819,0.0
1247.021788,514.650168,0.0
1246.546175,514.495921,0.0
1246.071076,514.340099,0.0
1245.596489,514.182723,0.0
1245.122414,514.023814,0.0
1244.648848,513.863392,0.0
1244.17579,513.701476,0.0
1243.703238,513.538088,0.0
1243.231192,513.373248,0.0
1242.75965,513.206976,0.0
1242.288606,513.039291,0.0
1241.818061,512.870214,0.0
1241.348012,512.699763,0.0
1240.878456,512.527959,0.0
1240.409391,512.354819,0.0
1239.940813,512.180364,0.0
1239.47272,512.004612,0.0
1239.005108,511.827584,0.0
1238.537975,511.649297,0.0
1238.071316,511.469771,0.0
1237.605128,511.289024,0.0
1237.139408,511.107077,0.0
1236.674152,510.923947,0.0
1236.209356,510.739654,0.0
1235.745014,510.554216,0.0
1235.281125,510.36765,0.0
1234.817684,510.179976,0.0
1234.354686,509.991212,0.0
1233.892126,509.801375,0.0
1233.43,509.610483,0.0
1232.968304,509.418554,0.0
1232.507033,509.225607,0.0
1232.046182,509.031659,0.0
1231.585745,508.836727,0.0
1231.125717,508.64083,0.0
1230.666095,508.443986,0.0
1230.206873,508.246212,0.0
1229.748044,508.047526,0.0
1229.289604,507.847945,0.0
1228.831546,507.647487,0.0
1228.373866,507.44617,0.0
1227.916558,507.244011,0.0
1227.459614,507.041028,0.0
1227.00303,506.837238,0.0
1226.5468,506.632658,0.0
1226.090916,506.427307,0.0
1225.635372,506.2212,0.0
1225.180162,506.014356,0.0
1224.725279,505.806792,0.0
1224.270719,505.598525,0.0
1223.816473,505.389572,0.0
1223.362536,505.179951,0.0
1222.9089,504.969678,0.0
1222.45556,504.758769,0.0
1222.002509,504.54724,0.0
1221.549741,504.335108,0.0
1221.097248,504.122387,0.0
1220.645025,503.909096,0.0
1220.193064,503.695248,0.0
1219.741358,503.480861,0.0
1219.289901,503.26595,0.0
1218.838686,503.050531,0.0
1218.387706,502.83462,0.0
1217.936954,502.618233,0.0
1217.486423,502.401386,0.0
1217.036107,502.184095,0.0
1216.585998,501.966376,0.0
1216.136088,501.748244,0.0
1215.686372,501.529716,0.0
1215.23684,501.310807,0.0
1214.787487,501.091534,0.0
1214.338303,500.871911,0.0
1213.889283,500.651956,0.0
1213.440418,500.431683,0.0
1212.9917,500.211109,0.0
1212.543123,499.990249,0.0
1212.094679,499.76912,0.0
1211.64636,499.547737,0.0
1211.198159,499.326115,0.0
1210.750069,499.104271,0.0
1210.302083,498.882214,0.0
1209.854199,498.659953,0.0
1209.406414,498.437495,0.0
1208.958723,498.214846,0.0
1208.511123,497.992015,0.0
1208.06361,497.769008,0.0
1207.616181,497.545833,0.0
1207.168831,497.322497,0.0
1206.721559,497.099007,0.0
1206.274359,496.875371,0.0
1205.827231,496.651594,0.0
1205.380173,496.427678,0.0
1204.933183,496.203624,0.0
1204.48626,495.979436,0.0
1204.039404,495.755115,0.0
1203.592614,495.530664,0.0
1203.145888,495.306084,0.0
1202.699225,495.081378,0.0
1202.252625,494.856548,0.0
1201.806086,494.631597,0.0
1201.359608,494.406525,0.0
1200.913189,494.181337,0.0
1200.466828,493.956033,0.0
1200.020524,493.730616,0.0
1199.574276,493.505088,0.0
1199.128083,493.279451,0.0
1198.681944,493.053709,0.0
1198.235857,492.827863,0.0
1197.789821,492.601916,0.0
1197.343834,492.375871,0.0
1196.897897,492.149729,0.0
1196.452007,491.923495,0.0
1196.006163,491.69717,0.0
1195.560364,491.470756,0.0
1195.114608,491.244257,0.0
1194.668895,491.017674,0.0
1194.223223,490.79101,0.0
1193.777591,490.564269,0.0
1193.331998,490.337451,0.0
1192.886442,490.11056,0.0
1192.440922,489.883598,0.0
1191.995436,489.656568,0.0
1191.549984,489.429472,0.0
1191.104565,489.202312,0.0
1190.659177,488.975092,0.0
1190.213818,488.747814,0.0
1189.768488,488.52048,0.0
1189.323186,488.293093,0.0
1188.87791,488.065655,0.0
1188.432658,487.838168,0.0
1187.98743,487.610636,0.0
1187.542224,487.38306,0.0
1187.097038,487.155444,0.0
1186.651872,486.927789,0.0
1186.206724,486.700098,0.0
1185.761593,486.472374,0.0
1185.316478,486.244619,0.0
1184.871378,486.016836,0.0
1184.42629,485.789027,0.0
1183.981214,485.561194,0.0
1183.536149,485.333341,0.0
1183.091093,485.105469,0.0
1182.646046,484.877581,0.0
1182.201005,484.64968,0.0
1181.75597,484.421768,0.0
1181.310938,484.193847,0.0
1180.86591,483.965921,0.0
1180.420884,483.737991,0.0
1179.975858,483.51006,0.0
1179.530831,483.282131,0.0
1179.085802,483.054206,0.0
1178.64077,482.826288,0.0
1178.195733,482.598378,0.0
1177.75069,482.370481,0.0
1177.30564,482.142597,0.0
1176.860582,481.91473,0.0
1176.415514,481.686882,0.0
1175.970434,481.459055,0.0
1175.525343,481.231253,0.0
1175.080238,481.003477,0.0
1174.635118,480.77573,0.0
1174.189982,480.548015,0.0
1173.744829,480.320334,0.0
1173.299657,480.092689,0.0
1172.854465,479.865084,0.0
1172.409252,479.63752,0.0
1171.964017,479.41,0.0
1171.518758,479.182526,0.0
1171.073474,478.955102,0.0
1170.628163,478.727729,0.0
1170.182825,478.50041,0.0
1169.737458,478.273148,0.0
1169.29206,478.045946,0.0
1168.846629,477.818809,0.0
end
start
one way
1168.808125,477.799179,0.0
1168.362656,477.572117,0.0
1167.91715,477.345128,0.0
1167.471604,477.118216,0.0
1167.026017,476.891385,0.0
1166.580387,476.664639,0.0
1166.134711,476.437983,0.0
1165.688988,476.21142,0.0
1165.243215,475.984954,0.0
1164.797391,475.758589,0.0
1164.351514,475.532331,0.0
1163.905581,475.306181,0.0
1163.45959,475.080146,0.0
1163.01354,474.854227,0.0
1162.567428,474.628431,0.0
1162.121253,474.40276,0.0
1161.675012,474.177219,0.0
1161.228703,473.951812,0.0
1160.782324,473.726543,0.0
1160.335874,473.501416,0.0
1159.889349,473.276434,0.0
1159.44275,473.051603,0.0
1158.996072,472.826927,0.0
1158.549314,472.602412,0.0
1158.102472,472.378064,0.0
1157.655543,472.153888,0.0
1157.208525,471.929891,0.0
1156.761413,471.70608,0.0
1156.314207,471.482458,0.0
1155.866901,471.259034,0.0
1155.419494,471.035813,0.0
1154.971984,470.8128,0.0
1154.524366,470.590003,0.0
1154.076639,470.367426,0.0
1153.628799,470.145077,0.0
1153.180843,469.92296,0.0
1152.73277,469.701083,0.0
1152.284575,469.479451,0.0
1151.836256,469.25807,0.0
1151.38781,469.036946,0.0
1150.939234,468.816086,0.0
1150.490525,468.595495,0.0
1150.041681,468.375179,0.0
1149.592699,468.155144,0.0
1149.143577,467.935397,0.0
1148.694312,467.715941,0.0
1148.244902,467.496781,0.0
1147.795346,467.277922,0.0
1147.345641,467.059369,0.0
1146.895785,466.841126,0.0
1146.445776,466.623198,0.0
1145.995613,466.40559,0.0
1145.545293,466.188306,0.0
1145.094815,465.971351,0.0
1144.644175,465.754729,0.0
1144.193373,465.538446,0.0
1143.742407,465.322507,0.0
1143.291275,465.106915,0.0
1142.839974,464.891676,0.0
1142.388504,464.676795,0.0
1141.936861,464.462275,0.0
1141.485045,464.248123,0.0
1141.033053,464.034342,0.0
1140.580882,463.820938,0.0
1140.128533,463.607914,0.0
1139.676001,463.395277,0.0
1139.223285,463.183031,0.0
1138.770383,462.971183,0.0
1138.317291,462.759741,0.0
1137.864007,462.548712,0.0
1137.410529,462.338101,0.0
1136.956853,462.127917,0.0
1136.502976,461.918165,0.0
1136.048897,461.708853,0.0
1135.594611,461.499987,0.0
1135.140117,461.291574,0.0
1134.685412,461.083622,0.0
1134.230496,460.876133,0.0
1133.77537,460.669106,0.0
1133.320035,460.462538,0.0
1132.864491,460.25643,0.0
1132.408741,460.05078,0.0
1131.952784,459.845587,0.0
1131.496624,459.640849,0.0
1131.04026,459.436566,0.0
1130.583693,459.232736,0.0
1130.126926,459.029358,0.0
1129.669957,458.826429,0.0
1129.21279,458.62395,0.0
1128.755425,458.421918,0.0
1128.297862,458.220331,0.0
1127.840105,458.019188,0.0
1127.382153,457.818488,0.0
1126.924009,457.618228,0.0
1126.465674,457.418408,0.0
1126.007148,457.219025,0.0
1125.548432,457.020078,0.0
1125.089529,456.821566,0.0
1124.630439,456.623485,0.0
1124.171164,456.425836,0.0
1123.711703,456.228616,0.0
1123.252059,456.031824,0.0
1122.792232,455.835457,0.0
1122.332225,455.639515,0.0
1121.872038,455.443996,0.0
1121.411672,455.248898,0.0
1120.951129,455.054219,0.0
1120.490409,454.859957,0.0
1120.029515,454.666112,0.0
1119.568447,454.472682,0.0
1119.107206,454.279665,0.0
1118.645793,454.087058,0.0
1118.184209,453.894861,0.0
1117.722455,453.703071,0.0
1117.260532,453.511687,0.0
1116.798442,453.320708,0.0
1116.336185,453.130131,0.0
1115.873763,452.939955,0.0
1115.411177,452.750179,0.0
1114.948428,452.5608,0.0
1114.485518,452.371818,0.0
1114.022446,452.18323,0.0
1113.559215,451.995034,0.0
1113.095825,451.807229,0.0
1112.632279,451.619814,0.0
1112.168576,451.432787,0.0
1111.704718,451.246146,0.0
1111.240705,451.059888,0.0
1110.776539,450.874014,0.0
1110.31222,450.688519,0.0
1109.84775,450.503404,0.0
1109.38313,450.318665,0.0
1108.918362,450.134301,0.0
1108.453446,449.950311,0.0
1107.988383,449.766692,0.0
1107.523175,449.583442,0.0
1107.057822,449.400559,0.0
1106.592326,449.218042,0.0
1106.126688,449.035888,0.0
1105.660907,448.854096,0.0
1105.194987,448.672664,0.0
1104.728927,448.491589,0.0
1104.262729,448.31087,0.0
1103.796394,448.130505,0.0
1103.329922,447.950492,0.0
1102.863315,447.770829,0.0
1102.396575,447.591514,0.0
1101.929699,447.412545,0.0
1101.462695,447.23392,0.0
1100.995563,447.055631,0.0
1100.528305,446.877669,0.0
1100.060926,446.700027,0.0
1099.593428,446.522697,0.0
1099.125815,446.345671,0.0
1098.658089,446.168942,0.0
1098.190255,445.992501,0.0
1097.722314,445.816342,0.0
1097.254272,445.640455,0.0
1096.78613,445.464833,0.0
1096.317892,445.289468,0.0
1095.849561,445.114352,0.0
1095.381139,444.939478,0.0
1094.91263,444.764838,0.0
1094.444036,444.590424,0.0
1093.975361,444.416229,0.0
1093.506608,444.242244,0.0
1093.03778,444.068464,0.0
1092.568879,443.894879,0.0
1092.09991,443.721482,0.0
1091.630872,443.548266,0.0
1091.161771,443.375222,0.0
1090.692609,443.202344,0.0
1090.223388,443.029624,0.0
1089.754113,442.857053,0.0
1089.284787,442.684626,0.0
1088.81541,442.512333,0.0
1088.345987,442.340166,0.0
1087.87652,442.16812,0.0
1087.407012,441.996184,0.0
1086.937465,441.824353,0.0
1086.467883,441.652618,0.0
1085.998268,441.480972,0.0
1085.528623,441.309407,0.0
1085.058952,441.137915,0.0
1084.589256,440.966489,0.0
1084.119539,440.795121,0.0
1083.649804,440.623804,0.0
1083.180054,440.45253,0.0
1082.710291,440.28129,0.0
1082.240519,440.110077,0.0
1081.770739,439.938882,0.0
1081.300956,439.767699,0.0
1080.831171,439.596519,0.0
1080.361389,439.425334,0.0
1079.891611,439.254136,0.0
1079.421841,439.082917,0.0
1078.952081,438.91167,0.0
1078.482335,438.740386,0.0
1078.012605,438.569057,0.0
1077.542893,438.397676,0.0
1077.073204,438.226235,0.0
1076.603539,438.054725,0.0
1076.133902,437.883139,0.0
1075.664295,437.711469,0.0
1075.194723,437.539707,0.0
1074.725187,437.367845,0.0
1074.255691,437.195876,0.0
1073.786238,437.023791,0.0
1073.31683,436.851582,0.0
1072.84747,436.679242,0.0
1072.378162,436.506762,0.0
1071.908908,436.334135,0.0
1071.439711,436.161353,0.0
1070.970575,435.988408,0.0
1070.501501,435.815291,0.0
1070.032493,435.641996,0.0
1069.563554,435.468514,0.0
1069.094687,435.294837,0.0
1068.625895,435.120958,0.0
1068.15718,434.946868,0.0
1067.688548,434.77256,0.0
1067.219998,434.598028,0.0
1066.751535,434.423265,0.0
1066.28316,434.248264,0.0
1065.814877,434.073019,0.0
1065.346687,433.897523,0.0
1064.878594,433.72177,0.0
1064.4106,433.545753,0.0
1063.942708,433.369466,0.0
1063.47492,433.192903,0.0
1063.00724,433.016056,0.0
1062.53967,432.838919,0.0
1062.07221,432.66149,0.0
1061.604858,432.483778,0.0
1061.13761,432.305791,0.0
1060.670462,432.12754,0.0
1060.203411,431.949036,0.0
1059.736454,431.770287,0.0
1059.269587,431.591304,0.0
1058.802805,431.412097,0.0
1058.336106,431.232676,0.0
1057.869486,431.05305,0.0
1057.402941,430.87323,0.0
1056.936467,430.693224,0.0
1056.470063,430.513038,0.0
1056.003725,430.332679,0.0
1055.537452,430.152154,0.0
1055.071241,429.971468,0.0
1054.60509,429.790629,0.0
1054.138997,429.609642,0.0
1053.672959,429.428515,0.0
1053.206973,429.247253,0.0
1052.741036,429.065862,0.0
1052.275147,428.88435,0.0
1051.809303,428.702722,0.0
1051.343501,428.520985,0.0
1050.877739,428.339145,0.0
1050.412014,428.157209,0.0
1049.946324,427.975183,0.0
1049.480667,427.793074,0.0
1049.01504,427.610887,0.0
1048.54944,427.428629,0.0
1048.083865,427.246307,0.0
1047.618313,427.063927,0.0
end
start
one way
1047.174735,426.8901,0.0
1046.709221,426.707626,0.0
1046.243723,426.525112,0.0
1045.778237,426.342566,0.0
1045.312762,426.159993,0.0
1044.847295,425.977399,0.0
1044.381835,425.794788,0.0
1043.91638,425.612162,0.0
1043.450931,425.429522,0.0
1042.985486,425.246871,0.0
1042.520044,425.064212,0.0
1042.054605,424.881547,0.0
1041.589168,424.698878,0.0
1041.123731,424.516207,0.0
1040.658295,424.333536,0.0
1040.192857,424.150869,0.0
1039.727417,423.968207,0.0
1039.261975,423.785552,0.0
1038.796527,423.602906,0.0
1038.331075,423.420273,0.0
1037.865618,423.237653,0.0
1037.400154,423.055051,0.0
1036.934683,422.872467,0.0
1036.469204,422.689904,0.0
1036.003715,422.507365,0.0
1035.538217,422.324851,0.0
1035.072708,422.142365,0.0
1034.607186,421.95991,0.0
1034.141653,421.777486,0.0
1033.676105,421.595098,0.0
1033.210543,421.412747,0.0
1032.744966,421.230435,0.0
1032.279373,421.048165,0.0
1031.813762,420.865939,0.0
1031.348133,420.683759,0.0
1030.882486,420.501627,0.0
1030.416818,420.319546,0.0
1029.95113,420.137518,0.0
1029.48542,419.955545,0.0
1029.019688,419.77363,0.0
1028.553932,419.591775,0.0
1028.088152,419.409982,0.0
1027.622346,419.228253,0.0
1027.156515,419.046591,0.0
1026.690656,418.864998,0.0
1026.22477,418.683476,0.0
1025.758855,418.502028,0.0
1025.29291,418.320656,0.0
1024.826935,418.139362,0.0
1024.360929,417.958149,0.0
1023.894891,417.77702,0.0
1023.428819,417.595976,0.0
1022.962713,417.41502,0.0
1022.496571,417.234155,0.0
1022.030393,417.053383,0.0
1021.564179,416.872707,0.0
1021.097926,416.692129,0.0
1020.631634,416.511652,0.0
1020.165302,416.331277,0.0
1019.698929,416.151008,0.0
1019.232515,415.970847,0.0
1018.766058,415.790797,0.0
1018.299558,415.610859,0.0
1017.833013,415.431037,0.0
1017.366423,415.251333,0.0
1016.899786,415.07175,0.0
1016.433103,414.892289,0.0
1015.966371,414.712953,0.0
1015.49959,414.533746,0.0
1015.032759,414.354669,0.0
1014.565877,414.175724,0.0
1014.098944,413.996915,0.0
1013.631957,413.818244,0.0
1013.164917,413.639712,0.0
1012.697823,413.461324,0.0
1012.230673,413.28308,0.0
1011.763466,413.104985,0.0
1011.296202,412.927039,0.0
1010.82888,412.749246,0.0
1010.361499,412.571608,0.0
1009.894058,412.394128,0.0
1009.426557,412.216808,0.0
1008.958994,412.03965,0.0
1008.491369,411.862656,0.0
1008.023681,411.68583,0.0
1007.555928,411.509173,0.0
1007.088111,411.332687,0.0
1006.620228,411.156375,0.0
1006.152279,410.98024,0.0
1005.684263,410.804283,0.0
1005.216178,410.628508,0.0
1004.748025,410.452915,0.0
1004.279803,410.277509,0.0
1003.811509,410.10229,0.0
1003.343145,409.927262,0.0
1002.874708,409.752426,0.0
1002.406198,409.577785,0.0
1001.937615,409.403341,0.0
1001.468958,409.229098,0.0
1001.000225,409.055057,0.0
1000.531417,408.88122,0.0
1000.062533,408.70759,0.0
999.593571,408.534169,0.0
999.124531,408.36096,0.0
998.655413,408.187965,0.0
998.186214,408.015186,0.0
997.716936,407.842626,0.0
997.247576,407.670287,0.0
996.778134,407.498171,0.0
996.30861,407.326281,0.0
995.839002,407.154619,0.0
995.369309,406.983187,0.0
994.899532,406.811988,0.0
994.429668,406.641026,0.0
993.959718,406.470302,0.0
993.48968,406.29982,0.0
993.019552,406.129584,0.0
992.549335,405.959597,0.0
992.079027,405.789861,0.0
991.608628,405.62038,0.0
991.138136,405.451157,0.0
990.667549,405.282195,0.0
990.196868,405.113498,0.0
989.726091,404.945068,0.0
989.255217,404.776908,0.0
988.784245,404.609023,0.0
988.313175,404.441414,0.0
987.842005,404.274085,0.0
987.370734,404.107039,0.0
986.899361,403.94028,0.0
986.427886,403.77381,0.0
985.956308,403.607634,0.0
985.484627,403.441753,0.0
985.01284,403.276171,0.0
984.540947,403.11089,0.0
984.068948,402.945915,0.0
983.596841,402.781248,0.0
983.124625,402.616892,0.0
982.652301,402.45285,0.0
982.179867,402.289125,0.0
981.707322,402.125721,0.0
981.234666,401.96264,0.0
980.761897,401.799885,0.0
980.289014,401.63746,0.0
979.816017,401.475368,0.0
979.342905,401.313611,0.0
978.869678,401.152193,0.0
978.396333,400.991116,0.0
977.922871,400.830384,0.0
977.449292,400.670001,0.0
976.975594,400.509969,0.0
976.501777,400.350291,0.0
976.02784,400.19097,0.0
975.553783,400.03201,0.0
975.079602,399.873413,0.0
974.6053,399.715183,0.0
974.130874,399.557322,0.0
973.656324,399.399835,0.0
973.181649,399.242723,0.0
972.706849,399.08599,0.0
972.231924,398.929639,0.0
971.756871,398.773674,0.0
971.281692,398.618097,0.0
970.806384,398.462911,0.0
970.330948,398.30812,0.0
969.855383,398.153727,0.0
969.379687,397.999735,0.0
968.90386,397.846146,0.0
968.427903,397.692964,0.0
967.951815,397.540188,0.0
967.475598,397.387815,0.0
966.999251,397.235844,0.0
966.522778,397.084272,0.0
966.046179,396.933098,0.0
965.569455,396.78232,0.0
965.092606,396.631936,0.0
964.615637,396.481943,0.0
964.138546,396.332327,0.0
963.661344,396.18307,0.0
963.184036,396.034148,0.0
962.706631,395.885541,0.0
962.229134,395.737227,0.0
961.751554,395.589185,0.0
961.273896,395.441393,0.0
960.796166,395.293832,0.0
960.318371,395.146485,0.0
959.840514,394.999335,0.0
959.362602,394.852366,0.0
958.884639,394.70556,0.0
958.406631,394.558902,0.0
957.928583,394.412374,0.0
957.450502,394.26596,0.0
956.972391,394.119642,0.0
956.494254,393.973404,0.0
956.016099,393.82723,0.0
955.537928,393.681102,0.0
955.059749,393.535003,0.0
954.581565,393.388918,0.0
954.103383,393.242828,0.0
953.625207,393.096719,0.0
953.147043,392.950571,0.0
952.668895,392.80437,0.0
952.190769,392.658095,0.0
951.712672,392.511729,0.0
951.234609,392.36525,0.0
950.756587,392.21864,0.0
950.278611,392.071878,0.0
949.800687,391.924945,0.0
949.322822,391.777821,0.0
948.845023,391.630486,0.0
948.367295,391.482921,0.0
947.889644,391.335106,0.0
947.412077,391.187021,0.0
946.9346,391.038646,0.0
946.457218,390.889963,0.0
945.979939,390.74095,0.0
945.502767,390.591596,0.0
945.025704,390.441891,0.0
944.548754,390.291831,0.0
944.071917,390.141408,0.0
943.595197,389.990616,0.0
943.118596,389.839448,0.0
942.642117,389.687897,0.0
942.165762,389.535958,0.0
941.689532,389.383627,0.0
941.213424,389.230913,0.0
940.737436,389.077826,0.0
940.261565,388.924378,0.0
939.785806,388.77058,0.0
939.310158,388.616442,0.0
938.834616,388.461976,0.0
938.359177,388.307192,0.0
end
start
one way
938.251669,388.272145,0.0
937.776352,388.116986,0.0
937.301132,387.961535,0.0
936.826003,387.805801,0.0
936.350965,387.649794,0.0
935.876013,387.493523,0.0
935.401145,387.336995,0.0
934.926359,387.180221,0.0
934.451652,387.023207,0.0
933.977022,386.865962,0.0
933.502465,386.708494,0.0
933.02798,386.550812,0.0
932.553563,386.392924,0.0
932.079212,386.234839,0.0
931.604924,386.076563,0.0
931.130697,385.918107,0.0
930.656528,385.759478,0.0
930.182414,385.600685,0.0
929.708352,385.441735,0.0
929.234339,385.282637,0.0
928.760373,385.1234,0.0
928.286452,384.964031,0.0
927.812571,384.804538,0.0
927.338729,384.644932,0.0
926.864924,384.485218,0.0
926.391151,384.325406,0.0
925.917409,384.165505,0.0
925.443695,384.005522,0.0
924.970005,383.845465,0.0
924.496337,383.685344,0.0
924.022688,383.525166,0.0
923.549056,383.36494,0.0
923.075438,383.204674,0.0
922.601829,383.044377,0.0
922.128229,382.884056,0.0
921.654633,382.723721,0.0
921.18104,382.563379,0.0
920.707446,382.403039,0.0
920.233849,382.24271,0.0
919.760245,382.082399,0.0
919.286632,381.922115,0.0
918.813008,381.761866,0.0
918.339369,381.601662,0.0
917.865712,381.441509,0.0
917.392034,381.281416,0.0
916.918334,381.121393,0.0
916.444607,380.961446,0.0
915.970852,380.801585,0.0
915.497064,380.641817,0.0
915.023242,380.482152,0.0
914.549383,380.322597,0.0
914.075484,380.163161,0.0
913.601543,380.003852,0.0
913.127556,379.844676,0.0
912.653523,379.68564,0.0
912.179441,379.526752,0.0
911.705306,379.368018,0.0
911.231118,379.209445,0.0
910.756874,379.051041,0.0
910.28257,378.892811,0.0
909.808206,378.734764,0.0
909.333779,378.576906,0.0
908.859293,378.419224,0.0
908.384772,378.261648,0.0
907.910245,378.10409,0.0
907.435739,377.946468,0.0
906.961285,377.788696,0.0
906.486908,377.630689,0.0
906.012638,377.472362,0.0
905.538502,377.313632,0.0
905.064531,377.154413,0.0
904.590752,376.994621,0.0
904.117195,376.834171,0.0
903.643892,376.672975,0.0
903.170874,376.510941,0.0
902.698177,376.347975,0.0
902.225834,376.183986,0.0
901.753881,376.01888,0.0
901.282352,375.852567,0.0
900.811283,375.684954,0.0
900.340711,375.515949,0.0
899.870677,375.345463,0.0
899.401214,375.173402,0.0
898.932365,374.999678,0.0
898.464171,374.824198,0.0
897.996673,374.646868,0.0
897.529916,374.467597,0.0
897.063946,374.286292,0.0
896.598809,374.102861,0.0
896.134553,373.917213,0.0
895.671225,373.729256,0.0
895.208879,373.538901,0.0
894.747565,373.346058,0.0
894.287337,373.150638,0.0
893.828251,372.952547,0.0
893.370378,372.75167,0.0
892.913794,372.547879,0.0
892.458562,372.341088,0.0
892.004708,372.131289,0.0
891.552257,371.918481,0.0
891.101233,371.702666,0.0
890.651654,371.483857,0.0
890.203535,371.262071,0.0
889.756893,371.037327,0.0
889.311743,370.809642,0.0
888.868101,370.579032,0.0
888.425981,370.345516,0.0
887.985401,370.109111,0.0
887.546373,369.869832,0.0
887.108916,369.627695,0.0
886.673045,369.382713,0.0
886.238777,369.134903,0.0
885.806127,368.884279,0.0
885.375112,368.630853,0.0
884.945746,368.374641,0.0
884.518047,368.115657,0.0
884.09203,367.853916,0.0
883.66771,367.589432,0.0
883.245104,367.322219,0.0
882.824227,367.05229,0.0
882.405093,366.779661,0.0
881.98772,366.504345,0.0
881.572122,366.226357,0.0
881.158314,365.94571,0.0
880.746313,365.662418,0.0
880.336133,365.376495,0.0
879.927792,365.087953,0.0
879.521304,364.796806,0.0
879.116685,364.503068,0.0
878.713951,364.206751,0.0
878.313117,363.907869,0.0
877.914198,363.606434,0.0
877.517211,363.302461,0.0
877.122171,362.995961,0.0
876.729093,362.686948,0.0
876.337992,362.375435,0.0
875.948885,362.061436,0.0
875.561787,361.744964,0.0
875.176714,361.426031,0.0
874.793681,361.104651,0.0
874.412705,360.780835,0.0
874.033805,360.454593,0.0
873.656999,360.125934,0.0
873.282306,359.79487,0.0
872.909744,359.461409,0.0
872.539331,359.125561,0.0
872.171086,358.787338,0.0
871.805028,358.446749,0.0
871.44117,358.103811,0.0
871.07952,357.758545,0.0
870.72009,357.410969,0.0
870.362887,357.061104,0.0
870.007921,356.70897,0.0
869.655203,356.354585,0.0
869.304739,355.997968,0.0
868.956542,355.639141,0.0
868.610616,355.278122,0.0
868.266971,354.914932,0.0
867.925612,354.549593,0.0
867.586546,354.182124,0.0
867.249778,353.812547,0.0
866.915317,353.440882,0.0
866.583167,353.06715,0.0
866.253335,352.691371,0.0
865.925826,352.313565,0.0
865.600647,351.933752,0.0
865.277804,351.551953,0.0
864.9573,351.168186,0.0
864.639143,350.782471,0.0
864.323338,350.394829,0.0
864.00989,350.005279,0.0
863.698805,349.613839,0.0
863.390087,349.220529,0.0
863.083743,348.825368,0.0
862.779777,348.428374,0.0
862.478197,348.029565,0.0
862.179008,347.628959,0.0
861.882216,347.226574,0.0
861.587825,346.822429,0.0
861.295842,346.416541,0.0
861.006273,346.008927,0.0
860.719121,345.599607,0.0
860.434394,345.188596,0.0
860.152095,344.775914,0.0
859.872232,344.361577,0.0
859.594807,343.945602,0.0
859.319827,343.528007,0.0
859.047296,343.108809,0.0
858.77722,342.688027,0.0
858.509604,342.265675,0.0
858.244455,341.841771,0.0
end
start
one way
841.141869,337.688147,0.0
841.393009,338.120501,0.0
841.645741,338.551924,0.0
841.900046,338.982422,0.0
842.155898,339.412003,0.0
842.413275,339.840671,0.0
842.672153,340.268435,0.0
842.932507,340.695304,0.0
843.194309,341.121285,0.0
843.457534,341.546386,0.0
843.722155,341.97062,0.0
843.988145,342.393999,0.0
844.255474,342.816533,0.0
844.524114,343.238235,0.0
844.794035,343.659118,0.0
845.065206,344.079197,0.0
845.337596,344.498486,0.0
845.611174,344.917001,0.0
845.885908,345.334759,0.0
846.161765,345.751777,0.0
846.438711,346.168071,0.0
846.716712,346.583659,0.0
846.995735,346.998564,0.0
847.275745,347.412804,0.0
847.556706,347.8264,0.0
847.838583,348.239373,0.0
848.121338,348.651744,0.0
848.404935,349.063536,0.0
848.689335,349.474769,0.0
848.97454,349.885449,0.0
849.26061,350.295527,0.0
849.547617,350.704951,0.0
849.835628,351.113667,0.0
850.124715,351.521624,0.0
850.414946,351.928767,0.0
850.706389,352.335044,0.0
850.999111,352.7404,0.0
851.293177,353.144782,0.0
851.588651,353.548136,0.0
851.885598,353.950408,0.0
852.184078,354.351543,0.0
852.484151,354.751488,0.0
852.785874,355.150189,0.0
853.089305,355.547592,0.0
853.394496,355.943645,0.0
853.701499,356.338294,0.0
854.010364,356.731489,0.0
854.321138,357.123177,0.0
854.633846,357.513321,0.0
854.94849,357.901907,0.0
855.265065,358.288918,0.0
855.583573,358.674343,0.0
855.904012,359.058163,0.0
856.226383,359.440366,0.0
856.550683,359.82093,0.0
856.876914,360.19984,0.0
857.205078,360.577078,0.0
857.535175,360.952623,0.0
857.867208,361.326458,0.0
858.20118,361.698563,0.0
858.537093,362.068916,0.0
858.874951,362.437497,0.0
859.214757,362.804282,0.0
859.556517,363.16925,0.0
859.900232,363.532374,0.0
860.245908,363.893632,0.0
860.593551,364.252998,0.0
860.943163,364.610448,0.0
861.294737,364.965968,0.0
861.648268,365.319545,0.0
862.003745,365.671164,0.0
862.361161,366.020812,0.0
862.720508,366.368476,0.0
863.081777,366.714141,0.0
863.444961,367.057793,0.0
863.810051,367.399419,0.0
864.177037,367.739005,0.0
864.545912,368.076542,0.0
864.916659,368.412019,0.0
865.289267,368.74543,0.0
865.663721,369.076766,0.0
866.040008,369.406018,0.0
866.418116,369.733178,0.0
866.798031,370.058238,0.0
867.179739,370.381191,0.0
867.563229,370.702026,0.0
867.948486,371.020736,0.0
868.3355,371.337311,0.0
868.724258,371.651741,0.0
869.11475,371.964016,0.0
869.506962,372.274127,0.0
869.900884,372.582064,0.0
870.296503,372.887816,0.0
870.693808,373.191375,0.0
871.092787,373.49273,0.0
871.493428,373.791872,0.0
871.895719,374.08879,0.0
872.299649,374.383476,0.0
872.705205,374.675919,0.0
873.112377,374.96611,0.0
873.521151,375.254039,0.0
873.931517,375.539695,0.0
874.343463,375.82307,0.0
874.756975,376.104153,0.0
875.172042,376.382934,0.0
875.588653,376.659403,0.0
876.006795,376.93355,0.0
876.426456,377.205366,0.0
876.847625,377.474839,0.0
877.270289,377.741961,0.0
877.694437,378.006721,0.0
878.120057,378.269109,0.0
878.547136,378.529115,0.0
878.975662,378.786729,0.0
879.405624,379.04194,0.0
879.837008,379.294739,0.0
880.269803,379.545115,0.0
880.703995,379.793057,0.0
881.139574,380.038556,0.0
881.576527,380.281602,0.0
882.014841,380.522184,0.0
882.454505,380.760293,0.0
882.895506,380.995915,0.0
883.337833,381.229036,0.0
883.781478,381.45964,0.0
884.226429,381.687712,0.0
884.672677,381.913236,0.0
885.120211,382.136197,0.0
885.569022,382.356578,0.0
886.019099,382.574365,0.0
886.470432,382.789541,0.0
886.922999,383.002099,0.0
887.376775,383.212071,0.0
887.831723,383.419488,0.0
888.287811,383.624385,0.0
888.745008,383.826797,0.0
889.203282,384.026758,0.0
889.662602,384.224304,0.0
890.122935,384.419481,0.0
890.584236,384.612354,0.0
891.046466,384.802991,0.0
891.509584,384.991462,0.0
891.97355,385.177835,0.0
892.438326,385.362181,0.0
892.903873,385.54457,0.0
893.370154,385.725072,0.0
893.837135,385.903757,0.0
894.304781,386.080698,0.0
894.773056,386.255965,0.0
895.241927,386.42963,0.0
895.711361,386.601765,0.0
896.181328,386.772445,0.0
896.651793,386.941743,0.0
897.122727,387.109734,0.0
897.594099,387.276492,0.0
898.065879,387.442092,0.0
898.538038,387.606609,0.0
899.010547,387.770119,0.0
899.483377,387.932697,0.0
899.956501,388.094418,0.0
900.429891,388.255359,0.0
900.903521,388.415594,0.0
901.377361,388.575203,0.0
901.851385,388.734266,0.0
902.325565,388.892863,0.0
902.799874,389.051074,0.0
903.274286,389.20898,0.0
903.748771,389.366662,0.0
904.2233,389.52421,0.0
904.697844,389.681717,0.0
905.172371,389.839273,0.0
905.646852,389.996969,0.0
906.121267,390.154863,0.0
906.595616,390.312954,0.0
907.069903,390.471232,0.0
907.54413,390.629692,0.0
908.018298,390.788323,0.0
908.492412,390.94712,0.0
908.966473,391.106074,0.0
909.440484,391.265177,0.0
909.914447,391.424421,0.0
910.388365,391.583798,0.0
910.862242,391.743301,0.0
911.336079,391.902921,0.0
911.80988,392.062649,0.0
912.283647,392.222477,0.0
912.757382,392.382397,0.0
913.23109,392.542399,0.0
913.704773,392.702476,0.0
914.178433,392.862619,0.0
914.652074,393.022819,0.0
915.125698,393.183068,0.0
915.599308,393.343358,0.0
916.072908,393.50368,0.0
916.5465,393.664025,0.0
917.020086,393.824385,0.0
917.493671,393.984751,0.0
917.967256,394.145116,0.0
918.440845,394.30547,0.0
918.91444,394.465805,0.0
919.388045,394.626113,0.0
919.861662,394.786385,0.0
920.335294,394.946612,0.0
920.808944,395.106787,0.0
921.282615,395.2669,0.0
921.75631,395.426943,0.0
922.230032,395.586908,0.0
922.703782,395.746785,0.0
923.177565,395.906568,0.0
923.651382,396.066246,0.0
924.125236,396.225814,0.0
924.599131,396.385262,0.0
925.073069,396.544584,0.0
925.547052,396.70377,0.0
926.021083,396.862813,0.0
926.495165,397.021706,0.0
926.969301,397.180439,0.0
927.443492,397.339006,0.0
927.917742,397.497398,0.0
928.392052,397.655606,0.0
928.866426,397.813625,0.0
929.340865,397.971444,0.0
929.815373,398.129057,0.0
930.289952,398.286455,0.0
930.764605,398.44363,0.0
931.239334,398.600575,0.0
931.714142,398.757281,0.0
932.189031,398.913741,0.0
932.664004,399.069947,0.0
933.139064,399.22589,0.0
933.614212,399.381562,0.0
934.089452,399.536954,0.0
934.564787,399.692056,0.0
935.040221,399.846857,0.0
935.515754,400.001348,0.0
935.991392,400.155518,0.0
936.467137,400.309358,0.0
936.942992,400.462857,0.0
937.41896,400.616006,0.0
937.895044,400.768794,0.0
938.371247,400.921212,0.0
938.84757,401.073251,0.0
939.324014,401.224914,0.0
939.800575,401.376206,0.0
940.277253,401.527133,0.0
940.754044,401.677701,0.0
941.230947,401.827915,0.0
941.707958,401.97778,0.0
942.185077,402.127303,0.0
942.662301,402.27649,0.0
943.139628,402.42535,0.0
943.61705,402.573901,0.0
944.094563,402.722161,0.0
944.57216,402.870149,0.0
945.049836,403.017883,0.0
945.527585,403.165381,0.0
946.005401,403.312661,0.0
946.483278,403.459743,0.0
946.961212,403.606643,0.0
947.439196,403.753382,0.0
947.917224,403.899976,0.0
end
start
one way
948.021226,403.931851,0.0
948.4993,404.078294,0.0
948.977405,404.224634,0.0
949.455536,404.370889,0.0
949.933688,404.517076,0.0
950.411855,404.663214,0.0
950.890033,404.809318,0.0
951.368215,404.955408,0.0
951.846396,405.101498,0.0
952.324572,405.247608,0.0
952.802737,405.393753,0.0
953.280885,405.539952,0.0
953.759012,405.686221,0.0
954.237112,405.832577,0.0
954.715181,405.979038,0.0
955.193211,406.12562,0.0
955.6712,406.272342,0.0
956.149141,406.41922,0.0
956.627028,406.566271,0.0
957.104856,406.713512,0.0
957.58262,406.860961,0.0
958.060315,407.008635,0.0
958.537933,407.156555,0.0
959.015468,407.304745,0.0
959.492911,407.45323,0.0
959.970255,407.602033,0.0
960.447492,407.751179,0.0
960.924616,407.900691,0.0
961.401616,408.050593,0.0
961.87849,408.200896,0.0
962.355238,408.351603,0.0
962.831856,408.502715,0.0
963.308346,408.654234,0.0
963.784705,408.806164,0.0
964.260932,408.958505,0.0
964.737025,409.111261,0.0
965.212986,409.264433,0.0
965.688812,409.41802,0.0
966.164506,409.572021,0.0
966.640066,409.72643,0.0
967.115495,409.881244,0.0
967.590793,410.036462,0.0
968.06596,410.192078,0.0
968.540997,410.34809,0.0
969.015905,410.504495,0.0
969.490684,410.661289,0.0
969.965335,410.818468,0.0
970.43986,410.97603,0.0
970.914259,411.133972,0.0
971.388532,411.292289,0.0
971.862681,411.45098,0.0
972.336707,411.61004,0.0
972.810609,411.769466,0.0
973.284389,411.929255,0.0
973.758047,412.089403,0.0
974.231585,412.249908,0.0
974.705003,412.410766,0.0
975.178302,412.571974,0.0
975.651483,412.733528,0.0
976.124547,412.895426,0.0
976.597494,413.057664,0.0
977.070325,413.220238,0.0
977.543041,413.383145,0.0
978.015643,413.546383,0.0
978.488133,413.709948,0.0
978.96051,413.873837,0.0
979.432777,414.038047,0.0
979.904933,414.202573,0.0
980.37698,414.367414,0.0
980.848918,414.532565,0.0
981.320748,414.698024,0.0
981.792471,414.863787,0.0
982.264088,415.029851,0.0
982.7356,415.196213,0.0
983.207009,415.36287,0.0
983.678314,415.529817,0.0
984.149517,415.697053,0.0
984.620618,415.864574,0.0
985.091619,416.032376,0.0
985.562522,416.200457,0.0
986.033326,416.368813,0.0
986.504033,416.537441,0.0
986.974644,416.706337,0.0
987.445159,416.875499,0.0
987.915579,417.044923,0.0
988.385906,417.214607,0.0
988.856141,417.384546,0.0
989.326284,417.554737,0.0
989.796337,417.725178,0.0
990.266301,417.895865,0.0
990.736176,418.066795,0.0
991.205963,418.237965,0.0
991.675665,418.409371,0.0
992.145281,418.581012,0.0
992.614813,418.752884,0.0
993.08426,418.924986,0.0
993.553625,419.097314,0.0
994.022907,419.269866,0.0
994.492107,419.442641,0.0
994.961227,419.615634,0.0
995.430266,419.788845,0.0
995.899226,419.96227,0.0
996.368108,420.135907,0.0
996.836912,420.309753,0.0
997.30564,420.483807,0.0
997.774291,420.658065,0.0
998.242866,420.832525,0.0
998.711367,421.007185,0.0
999.179795,421.182042,0.0
999.64815,421.357093,0.0
1000.116433,421.532338,0.0
1000.584646,421.707772,0.0
1001.052788,421.883393,0.0
1001.520861,422.0592,0.0
1001.988865,422.235189,0.0
1002.456802,422.411359,0.0
1002.924672,422.587706,0.0
1003.392476,422.764228,0.0
1003.860214,422.940923,0.0
1004.327888,423.117788,0.0
1004.795499,423.294821,0.0
1005.263047,423.47202,0.0
1005.730532,423.649381,0.0
1006.197957,423.826903,0.0
1006.665322,424.004584,0.0
1007.132627,424.182419,0.0
1007.599875,424.360408,0.0
1008.067065,424.538547,0.0
1008.534199,424.716834,0.0
1009.001277,424.895267,0.0
1009.4683,425.073842,0.0
1009.93527,425.252557,0.0
1010.402186,425.43141,0.0
1010.869051,425.610399,0.0
1011.335865,425.78952,0.0
1011.80263,425.968771,0.0
1012.269345,426.148149,0.0
1012.736012,426.327653,0.0
1013.202632,426.507279,0.0
1013.669206,426.687025,0.0
1014.135734,426.866888,0.0
1014.602219,427.046867,0.0
1015.06866,427.226957,0.0
1015.535059,427.407158,0.0
1016.001416,427.587466,0.0
1016.467733,427.767878,0.0
1016.934011,427.948393,0.0
1017.40025,428.129007,0.0
1017.866451,428.309719,0.0
1018.332616,428.490525,0.0
1018.798745,428.671423,0.0
1019.264839,428.852411,0.0
1019.730899,429.033485,0.0
1020.196926,429.214644,0.0
1020.662921,429.395885,0.0
1021.128886,429.577206,0.0
1021.59482,429.758603,0.0
1022.060726,429.940075,0.0
1022.526603,430.121619,0.0
1022.992454,430.303233,0.0
1023.458277,430.484915,0.0
1023.924076,430.666663,0.0
1024.389849,430.848473,0.0
1024.855599,431.030345,0.0
1025.321325,431.212275,0.0
1025.78703,431.394262,0.0
1026.252713,431.576303,0.0
1026.718376,431.758396,0.0
1027.18402,431.940539,0.0
1027.649644,432.122729,0.0
1028.115251,432.304964,0.0
1028.580841,432.487242,0.0
1029.046414,432.66956,0.0
1029.511973,432.851917,0.0
1029.977518,433.034311,0.0
1030.44305,433.216738,0.0
1030.908569,433.399197,0.0
1031.374077,433.581685,0.0
1031.839574,433.7642,0.0
1032.305061,433.946741,0.0
1032.77054,434.129304,0.0
1033.236011,434.311887,0.0
1033.701475,434.494489,0.0
1034.166932,434.677106,0.0
1034.632384,434.859737,0.0
1035.097832,435.04238,0.0
1035.563277,435.225032,0.0
1036.028719,435.40769,0.0
1036.494159,435.590354,0.0
1036.959598,435.773019,0.0
1037.425037,435.955685,0.0
1037.890477,436.138349,0.0
1038.355919,436.321008,0.0
1038.821364,436.503661,0.0
1039.286813,436.686304,0.0
1039.752265,436.868937,0.0
1040.217722,437.051556,0.0
1040.683186,437.234159,0.0
1041.148659,437.416745,0.0
1041.614138,437.599307,0.0
1042.079629,437.78184,0.0
1042.545134,437.964337,0.0
end
start
one way
1042.795852,438.062609,0.0
1043.261383,438.245039,0.0
1043.726934,438.427418,0.0
1044.192509,438.609739,0.0
1044.658108,438.791995,0.0
1045.123735,438.974181,0.0
1045.589391,439.15629,0.0
1046.05508,439.338316,0.0
1046.520806,439.520253,0.0
1046.986568,439.702094,0.0
1047.45237,439.883834,0.0
1047.918214,440.065464,0.0
1048.384103,440.246981,0.0
1048.850038,440.428376,0.0
1049.316023,440.609644,0.0
1049.78206,440.790778,0.0
1050.248151,440.971772,0.0
1050.714298,441.15262,0.0
1051.180505,441.333316,0.0
1051.646773,441.513853,0.0
1052.113105,441.694224,0.0
1052.579503,441.874425,0.0
1053.04597,442.054447,0.0
1053.512509,442.234285,0.0
1053.979121,442.413931,0.0
1054.445811,442.593375,0.0
1054.912583,442.772609,0.0
1055.379438,442.951621,0.0
1055.846382,443.130404,0.0
1056.313417,443.308947,0.0
1056.780548,443.487241,0.0
1057.247777,443.665277,0.0
1057.715109,443.843045,0.0
1058.182546,444.020536,0.0
1058.650092,444.19774,0.0
1059.117745,444.374658,0.0
1059.585505,444.551295,0.0
1060.053369,444.727658,0.0
1060.521333,444.903753,0.0
1060.989397,445.079586,0.0
1061.457556,445.255163,0.0
1061.925809,445.43049,0.0
1062.394153,445.605573,0.0
1062.862585,445.780419,0.0
1063.331104,445.955034,0.0
1063.799706,446.129423,0.0
1064.268389,446.303593,0.0
1064.737152,446.477552,0.0
1065.20599,446.651305,0.0
1065.674902,446.824863,0.0
1066.143884,446.998231,0.0
1066.612932,447.171419,0.0
1067.082044,447.344433,0.0
1067.551217,447.517281,0.0
1068.020447,447.689972,0.0
1068.489733,447.862513,0.0
1068.959071,448.034912,0.0
1069.428459,448.207178,0.0
1069.897893,448.379316,0.0
1070.36737,448.551337,0.0
1070.836888,448.723246,0.0
1071.306444,448.895053,0.0
1071.776034,449.066765,0.0
1072.245655,449.23839,0.0
1072.715305,449.409935,0.0
1073.184981,449.581409,0.0
1073.654681,449.752819,0.0
1074.124402,449.924174,0.0
1074.59414,450.09548,0.0
1075.063893,450.266747,0.0
1075.533658,450.437982,0.0
1076.003431,450.609192,0.0
1076.473211,450.780386,0.0
1076.942995,450.951571,0.0
1077.412778,451.122756,0.0
1077.88256,451.293947,0.0
1078.352335,451.465153,0.0
1078.822101,451.636382,0.0
1079.291857,451.807641,0.0
1079.761598,451.978939,0.0
1080.231323,452.150283,0.0
1080.701028,452.321681,0.0
1081.170711,452.493141,0.0
1081.640368,452.664671,0.0
1082.109997,452.836278,0.0
1082.579594,453.00797,0.0
1083.049157,453.179755,0.0
1083.518683,453.351641,0.0
1083.988171,453.523636,0.0
1084.457616,453.695747,0.0
1084.927016,453.867982,0.0
1085.396366,454.040349,0.0
1085.865665,454.212856,0.0
1086.33491,454.38551,0.0
1086.804097,454.558319,0.0
1087.273224,454.731291,0.0
1087.742288,454.904433,0.0
1088.211286,455.077754,0.0
1088.680215,455.251262,0.0
1089.149072,455.424963,0.0
1089.617855,455.598866,0.0
1090.08656,455.772979,0.0
1090.555184,455.947309,0.0
1091.023725,456.121864,0.0
1091.49218,456.296652,0.0
1091.960545,456.471681,0.0
1092.428816,456.646957,0.0
1092.896991,456.822491,0.0
1093.365067,456.99829,0.0
1093.83304,457.174364,0.0
1094.300906,457.35072,0.0
1094.768663,457.527367,0.0
1095.236306,457.704314,0.0
1095.703833,457.881569,0.0
1096.171239,458.059141,0.0
1096.63852,458.237037,0.0
1097.105675,458.415268,0.0
1097.572698,458.59384,0.0
1098.039589,458.772762,0.0
1098.506345,458.952037,0.0
1098.972964,459.131666,0.0
1099.439446,459.311651,0.0
1099.905789,459.491996,0.0
1100.371992,459.6727,0.0
1100.838055,459.853768,0.0
1101.303975,460.0352,0.0
1101.769753,460.216998,0.0
1102.235386,460.399165,0.0
1102.700875,460.581703,0.0
1103.166217,460.764613,0.0
1103.631411,460.947898,0.0
1104.096457,461.13156,0.0
1104.561354,461.315601,0.0
1105.0261,461.500022,0.0
1105.490695,461.684826,0.0
1105.955136,461.870015,0.0
1106.419423,462.05559,0.0
1106.883555,462.241555,0.0
1107.347529,462.427909,0.0
1107.811346,462.614656,0.0
1108.275003,462.801796,0.0
1108.7385,462.989333,0.0
1109.201837,463.177267,0.0
1109.665011,463.365601,0.0
1110.128022,463.554336,0.0
1110.590869,463.743475,0.0
1111.05355,463.933018,0.0
1111.516063,464.122968,0.0
1111.978409,464.313327,0.0
1112.440587,464.504096,0.0
1112.902593,464.695277,0.0
1113.364428,464.886872,0.0
1113.82609,465.078883,0.0
1114.287578,465.271311,0.0
1114.748891,465.464158,0.0
1115.210028,465.657427,0.0
1115.670987,465.851119,0.0
1116.131768,466.045235,0.0
1116.592369,466.239777,0.0
1117.05279,466.434749,0.0
1117.513028,466.63015,0.0
1117.973082,466.825982,0.0
1118.432951,467.022249,0.0
1118.892634,467.21895,0.0
1119.35213,467.416088,0.0
1119.811436,467.613665,0.0
1120.270553,467.811683,0.0
1120.729479,468.010142,0.0
1121.188212,468.209046,0.0
1121.646752,468.408396,0.0
1122.105097,468.608193,0.0
1122.563246,468.80844,0.0
1123.021197,469.009138,0.0
1123.478951,469.210289,0.0
1123.936505,469.411894,0.0
1124.393858,469.613956,0.0
1124.851007,469.816476,0.0
1125.307955,470.019457,0.0
1125.764695,470.222898,0.0
1126.221229,470.426801,0.0
1126.677556,470.63117,0.0
1127.133674,470.836003,0.0
1127.589581,471.041304,0.0
1128.045277,471.247074,0.0
1128.500761,471.453314,0.0
1128.956031,471.660025,0.0
1129.411085,471.867209,0.0
1129.865923,472.074867,0.0
1130.320545,472.282999,0.0
1130.774952,472.491599,0.0
1131.229148,472.70066,0.0
1131.683134,472.910175,0.0
1132.136914,473.120137,0.0
1132.590491,473.330538,0.0
1133.043866,473.541373,0.0
1133.497042,473.752633,0.0
1133.950023,473.964312,0.0
1134.402811,474.176403,0.0
1134.855409,474.3889,0.0
1135.30782,474.601795,0.0
1135.760045,474.815084,0.0
1136.212087,475.028761,0.0
1136.663948,475.242821,0.0
1137.11563,475.457258,0.0
1137.567136,475.672067,0.0
1138.018466,475.887242,0.0
1138.469624,476.102779,0.0
1138.920611,476.318672,0.0
1139.37143,476.534916,0.0
1139.822084,476.751505,0.0
1140.272574,476.968434,0.0
1140.722903,477.185698,0.0
1141.173074,477.403291,0.0
1141.623087,477.621209,0.0
1142.072947,477.839446,0.0
1142.522654,478.057997,0.0
1142.972211,478.276855,0.0
1143.42162,478.496017,0.0
1143.870883,478.715476,0.0
1144.320004,478.935228,0.0
1144.768984,479.155267,0.0
1145.217825,479.375587,0.0
1145.666532,479.596183,0.0
1146.115106,479.817049,0.0
1146.56355,480.038178,0.0
1147.011866,480.259564,0.0
1147.460058,480.481203,0.0
1147.908128,480.703086,0.0
1148.356079,480.92521,0.0
1148.803915,481.147568,0.0
1149.251637,481.370154,0.0
1149.699248,481.592963,0.0
1150.146752,481.815987,0.0
1150.594151,482.039223,0.0
1151.041449,482.262662,0.0
1151.488647,482.486301,0.0
1151.935749,482.710132,0.0
1152.382757,482.934151,0.0
1152.829674,483.15835,0.0
1153.276504,483.382724,0.0
1153.723248,483.607268,0.0
1154.16991,483.831975,0.0
1154.616493,484.056839,0.0
1155.062998,484.281858,0.0
1155.509428,484.507025,0.0
1155.955785,484.732337,0.0
1156.402071,484.957789,0.0
1156.848288,485.183377,0.0
1157.294439,485.409097,0.0
1157.740525,485.634944,0.0
1158.186549,485.860913,0.0
1158.632513,486.087001,0.0
1159.07842,486.313203,0.0
1159.524271,486.539514,0.0
1159.970069,486.765931,0.0
1160.415815,486.992449,0.0
1160.861513,487.219063,0.0
1161.307164,487.445769,0.0
end
start
one way
1161.631435,487.610798,0.0
1162.07701,487.837653,0.0
1162.522544,488.064588,0.0
1162.96804,488.291598,0.0
1163.413499,488.51868,0.0
1163.858923,488.745829,0.0
1164.304316,488.973041,0.0
1164.749679,489.200311,0.0
1165.195015,489.427636,0.0
1165.640323,489.655013,0.0
1166.085606,489.88244,0.0
1166.530865,490.109915,0.0
1166.976101,490.337434,0.0
1167.421315,490.564997,0.0
1167.866508,490.792599,0.0
1168.311682,491.020239,0.0
1168.756838,491.247915,0.0
1169.201977,491.475624,0.0
1169.6471,491.703363,0.0
1170.092209,491.93113,0.0
1170.537305,492.158923,0.0
1170.982388,492.38674,0.0
1171.427461,492.614577,0.0
1171.872525,492.842433,0.0
1172.31758,493.070305,0.0
1172.762628,493.298191,0.0
1173.207671,493.526088,0.0
1173.652709,493.753994,0.0
1174.097743,493.981907,0.0
1174.542776,494.209824,0.0
1174.987807,494.437742,0.0
1175.432839,494.665659,0.0
1175.877873,494.893574,0.0
1176.32291,495.121483,0.0
1176.76795,495.349384,0.0
1177.212996,495.577274,0.0
1177.658049,495.805152,0.0
1178.103109,496.033015,0.0
1178.548178,496.26086,0.0
1178.993258,496.488685,0.0
1179.438349,496.716487,0.0
1179.883453,496.944265,0.0
1180.328571,497.172016,0.0
1180.773704,497.399737,0.0
1181.218853,497.627425,0.0
1181.66402,497.85508,0.0
1182.109206,498.082697,0.0
1182.554412,498.310275,0.0
1182.999639,498.537811,0.0
1183.44489,498.765302,0.0
1183.890164,498.992746,0.0
1184.335464,499.22014,0.0
1184.780791,499.447481,0.0
1185.226146,499.674767,0.0
1185.67153,499.901996,0.0
1186.116945,500.129164,0.0
1186.562393,500.35627,0.0
1187.007874,500.583309,0.0
1187.453389,500.810281,0.0
1187.898941,501.037182,0.0
1188.34453,501.264009,0.0
1188.790157,501.49076,0.0
1189.235825,501.717433,0.0
1189.681534,501.944024,0.0
1190.127285,502.170532,0.0
1190.57308,502.396953,0.0
1191.018921,502.623284,0.0
1191.464808,502.849524,0.0
1191.910743,503.07567,0.0
1192.356727,503.301719,0.0
1192.802761,503.527668,0.0
1193.248847,503.753515,0.0
1193.694987,503.979257,0.0
1194.141181,504.204892,0.0
1194.58743,504.430417,0.0
1195.033736,504.655829,0.0
1195.4801,504.881127,0.0
1195.926523,505.106309,0.0
1196.373005,505.331374,0.0
1196.819547,505.556318,0.0
1197.26615,505.781142,0.0
1197.712815,506.005843,0.0
1198.159543,506.230419,0.0
1198.606334,506.454869,0.0
1199.053189,506.679191,0.0
1199.50011,506.903383,0.0
1199.947096,507.127443,0.0
1200.39415,507.35137,0.0
1200.84127,507.575162,0.0
1201.28846,507.798817,0.0
1201.735721,508.022329,0.0
1202.183056,508.245692,0.0
1202.63047,508.468898,0.0
1203.077964,508.691941,0.0
1203.525544,508.914815,0.0
1203.973211,509.137511,0.0
1204.420971,509.360023,0.0
1204.868825,509.582344,0.0
1205.316777,509.804468,0.0
1205.764831,510.026386,0.0
1206.212991,510.24809,0.0
1206.661265,510.469565,0.0
1207.109659,510.690794,0.0
1207.558182,510.911762,0.0
1208.006842,511.132456,0.0
1208.455644,511.352858,0.0
1208.904596,511.572953,0.0
1209.353706,511.792726,0.0
1209.802981,512.012162,0.0
1210.252428,512.231244,0.0
1210.702054,512.449959,0.0
1211.151866,512.668289,0.0
1211.601873,512.88622,0.0
1212.05208,513.103736,0.0
1212.502495,513.320822,0.0
1212.953124,513.537463,0.0
1213.403974,513.753644,0.0
1213.855051,513.969352,0.0
1214.306362,514.18457,0.0
1214.757912,514.399286,0.0
1215.209709,514.613483,0.0
1215.661757,514.827149,0.0
1216.114063,515.040267,0.0
1216.566633,515.252823,0.0
1217.019473,515.464803,0.0
1217.472589,515.676191,0.0
1217.925987,515.886974,0.0
1218.379674,516.097137,0.0
1218.833654,516.306664,0.0
1219.287934,516.515541,0.0
1219.742519,516.723754,0.0
1220.197415,516.931287,0.0
1220.652626,517.138126,0.0
1221.108159,517.344256,0.0
1221.564019,517.549663,0.0
1222.020212,517.754331,0.0
1222.476741,517.958246,0.0
1222.933612,518.161393,0.0
1223.39083,518.363757,0.0
1223.8484,518.565323,0.0
1224.306327,518.766076,0.0
1224.764617,518.966001,0.0
1225.223275,519.165084,0.0
1225.682303,519.363309,0.0
1226.141707,519.56066,0.0
1226.601492,519.757123,0.0
1227.061663,519.952681,0.0
1227.522225,520.147318,0.0
1227.983181,520.341019,0.0
1228.444535,520.533767,0.0
1228.906293,520.725548,0.0
1229.368458,520.916345,0.0
1229.831035,521.106142,0.0
1230.294027,521.294922,0.0
1230.757437,521.482671,0.0
1231.221271,521.669372,0.0
1231.685533,521.855009,0.0
1232.150225,522.039565,0.0
1232.615351,522.223026,0.0
1233.080914,522.405374,0.0
1233.546917,522.586595,0.0
1234.013364,522.766672,0.0
1234.480256,522.94559,0.0
1234.947597,523.123332,0.0
1235.415389,523.299884,0.0
1235.883636,523.475229,0.0
1236.352338,523.64935,0.0
1236.821497,523.822232,0.0
1237.291118,523.993858,0.0
1237.761201,524.164214,0.0
1238.231749,524.333282,0.0
1238.702765,524.501046,0.0
1239.174248,524.667491,0.0
1239.6462,524.8326,0.0
1240.118623,524.996356,0.0
1240.591518,525.158746,0.0
1241.064886,525.319752,0.0
1241.538727,525.479359,0.0
1242.013043,525.637551,0.0
1242.487833,525.794311,0.0
1242.963099,525.949624,0.0
1243.438841,526.103474,0.0
1243.915059,526.255845,0.0
1244.391753,526.406719,0.0
1244.868921,526.556082,0.0
1245.346566,526.703916,0.0
1245.824686,526.850206,0.0
1246.303281,526.994936,0.0
1246.782349,527.138092,0.0
1247.261888,527.279663,0.0
1247.741895,527.419637,0.0
1248.222368,527.558,0.0
1248.703306,527.694743,0.0
1249.184707,527.829851,0.0
1249.666563,527.963319,0.0
1250.14887,528.095157,0.0
1250.631617,528.225373,0.0
1251.114794,528.353978,0.0
1251.598393,528.480984,0.0
1252.082409,528.606399,0.0
1252.566832,528.730232,0.0
1253.051654,528.852492,0.0
1253.536867,528.973187,0.0
1254.022465,529.092325,0.0
1254.50844,529.209916,0.0
1254.994786,529.325967,0.0
1255.481494,529.440487,0.0
1255.968558,529.553486,0.0
1256.45597,529.664971,0.0
1256.943724,529.774952,0.0
1257.431812,529.883436,0.0
1257.920229,529.990433,0.0
1258.408969,530.095952,0.0
1258.898024,530.200001,0.0
1259.387387,530.302589,0.0
1259.877053,530.403725,0.0
1260.367013,530.503417,0.0
1260.857261,530.601674,0.0
1261.347795,530.698505,0.0
1261.838608,530.793919,0.0
1262.329691,530.887924,0.0
1262.82104,530.980528,0.0
1263.312649,531.071741,0.0
1263.804513,531.16157,0.0
1264.296627,531.250024,0.0
1264.788984,531.337111,0.0
1265.28158,531.422841,0.0
1265.774408,531.507222,0.0
1266.267464,531.590263,0.0
1266.760741,531.671971,0.0
1267.254237,531.752356,0.0
1267.747946,531.831427,0.0
1268.241862,531.909192,0.0
1268.735981,531.98566,0.0
1269.230297,532.060839,0.0
1269.724805,532.134738,0.0
1270.219501,532.207366,0.0
1270.714381,532.278732,0.0
1271.209442,532.348843,0.0
1271.704677,532.417708,0.0
1272.200082,532.485336,0.0
1272.695653,532.551734,0.0
1273.191386,532.616911,0.0
1273.687278,532.680875,0.0
1274.183323,532.743634,0.0
1274.679519,532.805198,0.0
1275.17586,532.865574,0.0
1275.672343,532.92477,0.0
1276.168964,532.982795,0.0
1276.665719,533.039657,0.0
1277.162606,533.095365,0.0
1277.659621,533.149927,0.0
1278.156759,533.203351,0.0
1278.654017,533.255646,0.0
1279.151391,533.30682,0.0
end
start
two way
1168.808125,477.799179,0.0
1168.512938,478.202744,0.0
1168.217752,478.606309,0.0
1167.922565,479.009874,0.0
1167.627378,479.413439,0.0
1167.332191,479.817004,0.0
1167.037004,480.220569,0.0
1166.741817,480.624134,0.0
1166.44663,481.027699,0.0
1166.151443,481.431264,0.0
1165.856257,481.834829,0.0
1165.56107,482.238394,0.0
1165.265883,482.641959,0.0
1164.970696,483.045524,0.0
1164.675509,483.449089,0.0
1164.380322,483.852654,0.0
1164.085135,484.256219,0.0
1163.789949,484.659784,0.0
1163.494762,485.063349,0.0
1163.199575,485.466914,0.0
1162.904388,485.870479,0.0
1162.609201,486.274044,0.0
1162.314014,486.677609,0.0
1162.018827,487.081174,0.0
1161.723641,487.484739,0.0
end
start
two way
1047.174735,426.8901,0.0
1046.992281,427.355622,0.0
1046.809828,427.821144,0.0
1046.627374,428.286666,0.0
1046.44492,428.752188,0.0
1046.262466,429.21771,0.0
1046.080013,429.683232,0.0
1045.897559,430.148753,0.0
1045.715105,430.614275,0.0
1045.532651,431.079797,0.0
1045.350198,431.545319,0.0
1045.167744,432.010841,0.0
1044.98529,432.476363,0.0
1044.802836,432.941885,0.0
1044.620383,433.407407,0.0
1044.437929,433.872929,0.0
1044.255475,434.33845,0.0
1044.073021,434.803972,0.0
1043.890568,435.269494,0.0
1043.708114,435.735016,0.0
1043.52566,436.200538,0.0
1043.343206,436.66606,0.0
1043.160753,437.131582,0.0
1042.978299,437.597104,0.0
end
start
two way
938.251669,388.272145,0.0
938.516322,388.69636,0.0
938.780976,389.120575,0.0
939.045629,389.54479,0.0
939.310283,389.969006,0.0
939.574936,390.393221,0.0
939.83959,390.817436,0.0
940.104243,391.241651,0.0
940.368896,391.665866,0.0
940.63355,392.090082,0.0
940.898203,392.514297,0.0
941.162857,392.938512,0.0
941.42751,393.362727,0.0
941.692164,393.786943,0.0
941.956817,394.211158,0.0
942.221471,394.635373,0.0
942.486124,395.059588,0.0
942.750777,395.483804,0.0
943.015431,395.908019,0.0
943.280084,396.332234,0.0
943.544738,396.756449,0.0
943.809391,397.180664,0.0
944.074045,397.60488,0.0
944.338698,398.029095,0.0
944.603351,398.45331,0.0
944.868005,398.877525,0.0
945.132658,399.301741,0.0
945.397312,399.725956,0.0
945.661965,400.150171,0.0
945.926619,400.574386,0.0
946.191272,400.998602,0.0
946.455925,401.422817,0.0
946.720579,401.847032,0.0
946.985232,402.271247,0.0
947.249886,402.695462,0.0
947.514539,403.119678,0.0
947.779193,403.543893,0.0
end